1.260000000000000000e+03 1.259000000000000000e+03 -1.000000000000000000e+00 1.261000000000000000e+03 -1.000000000000000000e+00 1.218000000000000000e+03 -1.000000000000000000e+00 1.302000000000000000e+03 -1.000000000000000000e+00
1.260000000000000000e+03 1.259000000000000000e+03 -1.000000000000000000e+00 1.261000000000000000e+03 -1.000000000000000000e+00 1.218000000000000000e+03 -1.000000000000000000e+00 1.302000000000000000e+03 -1.000000000000000000e+00
1.302000000000000000e+03 1.301000000000000000e+03 -1.000000000000000000e+00 1.303000000000000000e+03 -1.000000000000000000e+00 1.260000000000000000e+03 -1.000000000000000000e+00 1.344000000000000000e+03 -1.000000000000000000e+00
1.303000000000000000e+03 1.302000000000000000e+03 -1.000000000000000000e+00 1.304000000000000000e+03 -1.000000000000000000e+00 1.261000000000000000e+03 -1.000000000000000000e+00 1.345000000000000000e+03 -1.000000000000000000e+00
1.304000000000000000e+03 1.303000000000000000e+03 -1.000000000000000000e+00 1.305000000000000000e+03 -1.000000000000000000e+00 1.262000000000000000e+03 -1.000000000000000000e+00 1.346000000000000000e+03 -1.000000000000000000e+00
1.305000000000000000e+03 1.304000000000000000e+03 -1.000000000000000000e+00 1.306000000000000000e+03 -1.000000000000000000e+00 1.263000000000000000e+03 -1.000000000000000000e+00 1.347000000000000000e+03 -1.000000000000000000e+00
1.263000000000000000e+03 1.262000000000000000e+03 -1.000000000000000000e+00 1.264000000000000000e+03 -1.000000000000000000e+00 1.221000000000000000e+03 -1.000000000000000000e+00 1.305000000000000000e+03 -1.000000000000000000e+00
1.221000000000000000e+03 1.220000000000000000e+03 -1.000000000000000000e+00 1.222000000000000000e+03 -1.000000000000000000e+00 1.179000000000000000e+03 -1.000000000000000000e+00 1.263000000000000000e+03 -1.000000000000000000e+00
1.179000000000000000e+03 1.178000000000000000e+03 -1.000000000000000000e+00 1.180000000000000000e+03 -1.000000000000000000e+00 1.137000000000000000e+03 -1.000000000000000000e+00 1.221000000000000000e+03 -1.000000000000000000e+00
1.178000000000000000e+03 1.177000000000000000e+03 -1.000000000000000000e+00 1.179000000000000000e+03 -1.000000000000000000e+00 1.136000000000000000e+03 -1.000000000000000000e+00 1.220000000000000000e+03 -1.000000000000000000e+00
1.136000000000000000e+03 1.135000000000000000e+03 -1.000000000000000000e+00 1.137000000000000000e+03 -1.000000000000000000e+00 1.094000000000000000e+03 -1.000000000000000000e+00 1.178000000000000000e+03 -1.000000000000000000e+00
1.135000000000000000e+03 1.134000000000000000e+03 -1.000000000000000000e+00 1.136000000000000000e+03 -1.000000000000000000e+00 1.093000000000000000e+03 -1.000000000000000000e+00 1.177000000000000000e+03 -1.000000000000000000e+00
1.093000000000000000e+03 1.092000000000000000e+03 -1.000000000000000000e+00 1.094000000000000000e+03 -1.000000000000000000e+00 1.051000000000000000e+03 -1.000000000000000000e+00 1.135000000000000000e+03 -1.000000000000000000e+00
1.094000000000000000e+03 1.093000000000000000e+03 -1.000000000000000000e+00 1.095000000000000000e+03 -1.000000000000000000e+00 1.052000000000000000e+03 -1.000000000000000000e+00 1.136000000000000000e+03 -1.000000000000000000e+00
1.052000000000000000e+03 1.051000000000000000e+03 -1.000000000000000000e+00 1.053000000000000000e+03 -1.000000000000000000e+00 1.010000000000000000e+03 -1.000000000000000000e+00 1.094000000000000000e+03 -1.000000000000000000e+00
1.010000000000000000e+03 1.009000000000000000e+03 -1.000000000000000000e+00 1.011000000000000000e+03 -1.000000000000000000e+00 9.680000000000000000e+02 -1.000000000000000000e+00 1.052000000000000000e+03 -1.000000000000000000e+00
1.011000000000000000e+03 1.010000000000000000e+03 -1.000000000000000000e+00 1.012000000000000000e+03 -1.000000000000000000e+00 9.690000000000000000e+02 -1.000000000000000000e+00 1.053000000000000000e+03 -1.000000000000000000e+00
9.690000000000000000e+02 9.680000000000000000e+02 -1.000000000000000000e+00 9.700000000000000000e+02 -1.000000000000000000e+00 9.270000000000000000e+02 -1.000000000000000000e+00 1.011000000000000000e+03 -1.000000000000000000e+00
9.680000000000000000e+02 9.670000000000000000e+02 -1.000000000000000000e+00 9.690000000000000000e+02 -1.000000000000000000e+00 9.260000000000000000e+02 -1.000000000000000000e+00 1.010000000000000000e+03 -1.000000000000000000e+00
9.670000000000000000e+02 9.660000000000000000e+02 -1.000000000000000000e+00 9.680000000000000000e+02 -1.000000000000000000e+00 9.250000000000000000e+02 -1.000000000000000000e+00 1.009000000000000000e+03 -1.000000000000000000e+00
9.250000000000000000e+02 9.240000000000000000e+02 -1.000000000000000000e+00 9.260000000000000000e+02 -1.000000000000000000e+00 8.830000000000000000e+02 -1.000000000000000000e+00 9.670000000000000000e+02 -1.000000000000000000e+00
9.240000000000000000e+02 9.230000000000000000e+02 -1.000000000000000000e+00 9.250000000000000000e+02 -1.000000000000000000e+00 8.820000000000000000e+02 -1.000000000000000000e+00 9.660000000000000000e+02 -1.000000000000000000e+00
9.660000000000000000e+02 9.650000000000000000e+02 -1.000000000000000000e+00 9.670000000000000000e+02 -1.000000000000000000e+00 9.240000000000000000e+02 -1.000000000000000000e+00 1.008000000000000000e+03 -1.000000000000000000e+00
1.008000000000000000e+03 1.007000000000000000e+03 -1.000000000000000000e+00 1.009000000000000000e+03 -1.000000000000000000e+00 9.660000000000000000e+02 -1.000000000000000000e+00 1.050000000000000000e+03 -1.000000000000000000e+00
1.050000000000000000e+03 1.049000000000000000e+03 -1.000000000000000000e+00 1.051000000000000000e+03 -1.000000000000000000e+00 1.008000000000000000e+03 -1.000000000000000000e+00 1.092000000000000000e+03 -1.000000000000000000e+00
1.092000000000000000e+03 1.091000000000000000e+03 -1.000000000000000000e+00 1.093000000000000000e+03 -1.000000000000000000e+00 1.050000000000000000e+03 -1.000000000000000000e+00 1.134000000000000000e+03 -1.000000000000000000e+00
1.134000000000000000e+03 1.133000000000000000e+03 -1.000000000000000000e+00 1.135000000000000000e+03 -1.000000000000000000e+00 1.092000000000000000e+03 -1.000000000000000000e+00 1.176000000000000000e+03 -1.000000000000000000e+00
1.176000000000000000e+03 1.175000000000000000e+03 -1.000000000000000000e+00 1.177000000000000000e+03 -1.000000000000000000e+00 1.134000000000000000e+03 -1.000000000000000000e+00 1.218000000000000000e+03 -1.000000000000000000e+00
1.218000000000000000e+03 1.217000000000000000e+03 -1.000000000000000000e+00 1.219000000000000000e+03 -1.000000000000000000e+00 1.176000000000000000e+03 -1.000000000000000000e+00 1.260000000000000000e+03 -1.000000000000000000e+00
1.219000000000000000e+03 1.218000000000000000e+03 -1.000000000000000000e+00 1.220000000000000000e+03 -1.000000000000000000e+00 1.177000000000000000e+03 -1.000000000000000000e+00 1.261000000000000000e+03 -1.000000000000000000e+00
1.261000000000000000e+03 1.260000000000000000e+03 -1.000000000000000000e+00 1.262000000000000000e+03 -1.000000000000000000e+00 1.219000000000000000e+03 -1.000000000000000000e+00 1.303000000000000000e+03 -1.000000000000000000e+00
1.262000000000000000e+03 1.261000000000000000e+03 -1.000000000000000000e+00 1.263000000000000000e+03 -1.000000000000000000e+00 1.220000000000000000e+03 -1.000000000000000000e+00 1.304000000000000000e+03 -1.000000000000000000e+00
8.390000000000000000e+02 8.380000000000000000e+02 -1.000000000000000000e+00 8.400000000000000000e+02 -1.000000000000000000e+00 7.970000000000000000e+02 -1.000000000000000000e+00 8.810000000000000000e+02 -1.000000000000000000e+00
8.390000000000000000e+02 8.380000000000000000e+02 -1.000000000000000000e+00 8.400000000000000000e+02 -1.000000000000000000e+00 7.970000000000000000e+02 -1.000000000000000000e+00 8.810000000000000000e+02 -1.000000000000000000e+00
7.970000000000000000e+02 7.960000000000000000e+02 -1.000000000000000000e+00 7.980000000000000000e+02 -1.000000000000000000e+00 7.550000000000000000e+02 -1.000000000000000000e+00 8.390000000000000000e+02 -1.000000000000000000e+00
7.960000000000000000e+02 7.950000000000000000e+02 -1.000000000000000000e+00 7.970000000000000000e+02 -1.000000000000000000e+00 7.540000000000000000e+02 -1.000000000000000000e+00 8.380000000000000000e+02 -1.000000000000000000e+00
8.380000000000000000e+02 8.370000000000000000e+02 -1.000000000000000000e+00 8.390000000000000000e+02 -1.000000000000000000e+00 7.960000000000000000e+02 -1.000000000000000000e+00 8.800000000000000000e+02 -1.000000000000000000e+00
8.800000000000000000e+02 8.790000000000000000e+02 -1.000000000000000000e+00 8.810000000000000000e+02 -1.000000000000000000e+00 8.380000000000000000e+02 -1.000000000000000000e+00 9.220000000000000000e+02 -1.000000000000000000e+00
9.220000000000000000e+02 9.210000000000000000e+02 -1.000000000000000000e+00 9.230000000000000000e+02 -1.000000000000000000e+00 8.800000000000000000e+02 -1.000000000000000000e+00 9.640000000000000000e+02 -1.000000000000000000e+00
9.210000000000000000e+02 9.200000000000000000e+02 -1.000000000000000000e+00 9.220000000000000000e+02 -1.000000000000000000e+00 8.790000000000000000e+02 -1.000000000000000000e+00 9.630000000000000000e+02 -1.000000000000000000e+00
8.790000000000000000e+02 8.780000000000000000e+02 -1.000000000000000000e+00 8.800000000000000000e+02 -1.000000000000000000e+00 8.370000000000000000e+02 -1.000000000000000000e+00 9.210000000000000000e+02 -1.000000000000000000e+00
8.370000000000000000e+02 8.360000000000000000e+02 -1.000000000000000000e+00 8.380000000000000000e+02 -1.000000000000000000e+00 7.950000000000000000e+02 -1.000000000000000000e+00 8.790000000000000000e+02 -1.000000000000000000e+00
8.360000000000000000e+02 8.350000000000000000e+02 -1.000000000000000000e+00 8.370000000000000000e+02 -1.000000000000000000e+00 7.940000000000000000e+02 -1.000000000000000000e+00 8.780000000000000000e+02 -1.000000000000000000e+00
7.940000000000000000e+02 7.930000000000000000e+02 -1.000000000000000000e+00 7.950000000000000000e+02 -1.000000000000000000e+00 7.520000000000000000e+02 -1.000000000000000000e+00 8.360000000000000000e+02 -1.000000000000000000e+00
7.930000000000000000e+02 7.920000000000000000e+02 -1.000000000000000000e+00 7.940000000000000000e+02 -1.000000000000000000e+00 7.510000000000000000e+02 -1.000000000000000000e+00 8.350000000000000000e+02 -1.000000000000000000e+00
8.350000000000000000e+02 8.340000000000000000e+02 -1.000000000000000000e+00 8.360000000000000000e+02 -1.000000000000000000e+00 7.930000000000000000e+02 -1.000000000000000000e+00 8.770000000000000000e+02 -1.000000000000000000e+00
8.770000000000000000e+02 8.760000000000000000e+02 -1.000000000000000000e+00 8.780000000000000000e+02 -1.000000000000000000e+00 8.350000000000000000e+02 -1.000000000000000000e+00 9.190000000000000000e+02 -1.000000000000000000e+00
9.190000000000000000e+02 9.180000000000000000e+02 -1.000000000000000000e+00 9.200000000000000000e+02 -1.000000000000000000e+00 8.770000000000000000e+02 -1.000000000000000000e+00 9.610000000000000000e+02 -1.000000000000000000e+00
9.200000000000000000e+02 9.190000000000000000e+02 -1.000000000000000000e+00 9.210000000000000000e+02 -1.000000000000000000e+00 8.780000000000000000e+02 -1.000000000000000000e+00 9.620000000000000000e+02 -1.000000000000000000e+00
