1.336000000000000000e+03 1.335000000000000000e+03 0.000000000000000000e+00 1.337000000000000000e+03 0.000000000000000000e+00 1.294000000000000000e+03 0.000000000000000000e+00 1.378000000000000000e+03 -1.000000000000000000e+00
1.336000000000000000e+03 1.337000000000000000e+03 0.000000000000000000e+00 1.294000000000000000e+03 0.000000000000000000e+00 1.335000000000000000e+03 -1.000000000000000000e+00 1.378000000000000000e+03 -1.000000000000000000e+00
1.335000000000000000e+03 1.293000000000000000e+03 0.000000000000000000e+00 1.334000000000000000e+03 -1.000000000000000000e+00 1.336000000000000000e+03 -1.000000000000000000e+00 1.377000000000000000e+03 -1.000000000000000000e+00
1.334000000000000000e+03 1.333000000000000000e+03 0.000000000000000000e+00 1.335000000000000000e+03 -1.000000000000000000e+00 1.292000000000000000e+03 -1.000000000000000000e+00 1.376000000000000000e+03 -1.000000000000000000e+00
1.292000000000000000e+03 1.291000000000000000e+03 0.000000000000000000e+00 1.250000000000000000e+03 0.000000000000000000e+00 1.293000000000000000e+03 -1.000000000000000000e+00 1.334000000000000000e+03 -1.000000000000000000e+00
1.293000000000000000e+03 1.251000000000000000e+03 0.000000000000000000e+00 1.292000000000000000e+03 -1.000000000000000000e+00 1.294000000000000000e+03 -1.000000000000000000e+00 1.335000000000000000e+03 -1.000000000000000000e+00
1.294000000000000000e+03 1.295000000000000000e+03 0.000000000000000000e+00 1.293000000000000000e+03 -1.000000000000000000e+00 1.252000000000000000e+03 -1.000000000000000000e+00 1.336000000000000000e+03 -1.000000000000000000e+00
1.252000000000000000e+03 1.251000000000000000e+03 0.000000000000000000e+00 1.210000000000000000e+03 0.000000000000000000e+00 1.253000000000000000e+03 -1.000000000000000000e+00 1.294000000000000000e+03 -1.000000000000000000e+00
1.253000000000000000e+03 1.254000000000000000e+03 0.000000000000000000e+00 1.211000000000000000e+03 0.000000000000000000e+00 1.252000000000000000e+03 -1.000000000000000000e+00 1.295000000000000000e+03 -1.000000000000000000e+00
1.295000000000000000e+03 1.337000000000000000e+03 0.000000000000000000e+00 1.294000000000000000e+03 -1.000000000000000000e+00 1.296000000000000000e+03 -1.000000000000000000e+00 1.253000000000000000e+03 -1.000000000000000000e+00
1.296000000000000000e+03 1.254000000000000000e+03 0.000000000000000000e+00 1.338000000000000000e+03 0.000000000000000000e+00 1.295000000000000000e+03 -1.000000000000000000e+00 1.297000000000000000e+03 -1.000000000000000000e+00
1.297000000000000000e+03 1.298000000000000000e+03 0.000000000000000000e+00 1.255000000000000000e+03 0.000000000000000000e+00 1.296000000000000000e+03 -1.000000000000000000e+00 1.339000000000000000e+03 -1.000000000000000000e+00
1.339000000000000000e+03 1.340000000000000000e+03 0.000000000000000000e+00 1.338000000000000000e+03 -1.000000000000000000e+00 1.297000000000000000e+03 -1.000000000000000000e+00 1.381000000000000000e+03 -1.000000000000000000e+00
1.338000000000000000e+03 1.337000000000000000e+03 -1.000000000000000000e+00 1.339000000000000000e+03 -1.000000000000000000e+00 1.296000000000000000e+03 -1.000000000000000000e+00 1.380000000000000000e+03 -1.000000000000000000e+00
1.309000000000000000e+03 1.308000000000000000e+03 0.000000000000000000e+00 1.310000000000000000e+03 0.000000000000000000e+00 1.267000000000000000e+03 0.000000000000000000e+00 1.351000000000000000e+03 -1.000000000000000000e+00
1.309000000000000000e+03 1.310000000000000000e+03 0.000000000000000000e+00 1.267000000000000000e+03 0.000000000000000000e+00 1.308000000000000000e+03 -1.000000000000000000e+00 1.351000000000000000e+03 -1.000000000000000000e+00
1.308000000000000000e+03 1.266000000000000000e+03 0.000000000000000000e+00 1.307000000000000000e+03 -1.000000000000000000e+00 1.309000000000000000e+03 -1.000000000000000000e+00 1.350000000000000000e+03 -1.000000000000000000e+00
1.307000000000000000e+03 1.306000000000000000e+03 0.000000000000000000e+00 1.308000000000000000e+03 -1.000000000000000000e+00 1.265000000000000000e+03 -1.000000000000000000e+00 1.349000000000000000e+03 -1.000000000000000000e+00
1.265000000000000000e+03 1.264000000000000000e+03 0.000000000000000000e+00 1.223000000000000000e+03 0.000000000000000000e+00 1.266000000000000000e+03 -1.000000000000000000e+00 1.307000000000000000e+03 -1.000000000000000000e+00
1.266000000000000000e+03 1.267000000000000000e+03 0.000000000000000000e+00 1.265000000000000000e+03 -1.000000000000000000e+00 1.224000000000000000e+03 -1.000000000000000000e+00 1.308000000000000000e+03 -1.000000000000000000e+00
1.224000000000000000e+03 1.223000000000000000e+03 0.000000000000000000e+00 1.225000000000000000e+03 0.000000000000000000e+00 1.182000000000000000e+03 -1.000000000000000000e+00 1.266000000000000000e+03 -1.000000000000000000e+00
1.182000000000000000e+03 1.181000000000000000e+03 0.000000000000000000e+00 1.140000000000000000e+03 0.000000000000000000e+00 1.183000000000000000e+03 -1.000000000000000000e+00 1.224000000000000000e+03 -1.000000000000000000e+00
1.183000000000000000e+03 1.184000000000000000e+03 0.000000000000000000e+00 1.225000000000000000e+03 0.000000000000000000e+00 1.182000000000000000e+03 -1.000000000000000000e+00 1.141000000000000000e+03 -1.000000000000000000e+00
1.141000000000000000e+03 1.142000000000000000e+03 0.000000000000000000e+00 1.099000000000000000e+03 0.000000000000000000e+00 1.140000000000000000e+03 -1.000000000000000000e+00 1.183000000000000000e+03 -1.000000000000000000e+00
1.140000000000000000e+03 1.098000000000000000e+03 0.000000000000000000e+00 1.139000000000000000e+03 -1.000000000000000000e+00 1.141000000000000000e+03 -1.000000000000000000e+00 1.182000000000000000e+03 -1.000000000000000000e+00
1.139000000000000000e+03 1.097000000000000000e+03 0.000000000000000000e+00 1.181000000000000000e+03 0.000000000000000000e+00 1.138000000000000000e+03 -1.000000000000000000e+00 1.140000000000000000e+03 -1.000000000000000000e+00
1.138000000000000000e+03 1.137000000000000000e+03 0.000000000000000000e+00 1.096000000000000000e+03 0.000000000000000000e+00 1.139000000000000000e+03 -1.000000000000000000e+00 1.180000000000000000e+03 -1.000000000000000000e+00
1.180000000000000000e+03 1.179000000000000000e+03 0.000000000000000000e+00 1.222000000000000000e+03 0.000000000000000000e+00 1.181000000000000000e+03 -1.000000000000000000e+00 1.138000000000000000e+03 -1.000000000000000000e+00
1.181000000000000000e+03 1.180000000000000000e+03 -1.000000000000000000e+00 1.182000000000000000e+03 -1.000000000000000000e+00 1.139000000000000000e+03 -1.000000000000000000e+00 1.223000000000000000e+03 -1.000000000000000000e+00
1.223000000000000000e+03 1.222000000000000000e+03 -1.000000000000000000e+00 1.224000000000000000e+03 -1.000000000000000000e+00 1.181000000000000000e+03 -1.000000000000000000e+00 1.265000000000000000e+03 -1.000000000000000000e+00
1.222000000000000000e+03 1.221000000000000000e+03 0.000000000000000000e+00 1.223000000000000000e+03 -1.000000000000000000e+00 1.180000000000000000e+03 -1.000000000000000000e+00 1.264000000000000000e+03 -1.000000000000000000e+00
1.264000000000000000e+03 1.306000000000000000e+03 0.000000000000000000e+00 1.263000000000000000e+03 -1.000000000000000000e+00 1.265000000000000000e+03 -1.000000000000000000e+00 1.222000000000000000e+03 -1.000000000000000000e+00
1.263000000000000000e+03 1.262000000000000000e+03 0.000000000000000000e+00 1.305000000000000000e+03 0.000000000000000000e+00 1.264000000000000000e+03 -1.000000000000000000e+00 1.221000000000000000e+03 -1.000000000000000000e+00
1.221000000000000000e+03 1.220000000000000000e+03 0.000000000000000000e+00 1.222000000000000000e+03 -1.000000000000000000e+00 1.179000000000000000e+03 -1.000000000000000000e+00 1.263000000000000000e+03 -1.000000000000000000e+00
1.179000000000000000e+03 1.178000000000000000e+03 0.000000000000000000e+00 1.180000000000000000e+03 -1.000000000000000000e+00 1.137000000000000000e+03 -1.000000000000000000e+00 1.221000000000000000e+03 -1.000000000000000000e+00
1.137000000000000000e+03 1.136000000000000000e+03 0.000000000000000000e+00 1.138000000000000000e+03 -1.000000000000000000e+00 1.095000000000000000e+03 -1.000000000000000000e+00 1.179000000000000000e+03 -1.000000000000000000e+00
1.095000000000000000e+03 1.096000000000000000e+03 0.000000000000000000e+00 1.053000000000000000e+03 0.000000000000000000e+00 1.094000000000000000e+03 -1.000000000000000000e+00 1.137000000000000000e+03 -1.000000000000000000e+00
1.094000000000000000e+03 1.093000000000000000e+03 0.000000000000000000e+00 1.136000000000000000e+03 0.000000000000000000e+00 1.095000000000000000e+03 -1.000000000000000000e+00 1.052000000000000000e+03 -1.000000000000000000e+00
1.052000000000000000e+03 1.053000000000000000e+03 0.000000000000000000e+00 1.010000000000000000e+03 0.000000000000000000e+00 1.051000000000000000e+03 -1.000000000000000000e+00 1.094000000000000000e+03 -1.000000000000000000e+00
1.051000000000000000e+03 1.050000000000000000e+03 0.000000000000000000e+00 1.009000000000000000e+03 0.000000000000000000e+00 1.052000000000000000e+03 -1.000000000000000000e+00 1.093000000000000000e+03 -1.000000000000000000e+00
1.093000000000000000e+03 1.135000000000000000e+03 0.000000000000000000e+00 1.092000000000000000e+03 -1.000000000000000000e+00 1.094000000000000000e+03 -1.000000000000000000e+00 1.051000000000000000e+03 -1.000000000000000000e+00
1.092000000000000000e+03 1.134000000000000000e+03 0.000000000000000000e+00 1.091000000000000000e+03 -1.000000000000000000e+00 1.093000000000000000e+03 -1.000000000000000000e+00 1.050000000000000000e+03 -1.000000000000000000e+00
1.050000000000000000e+03 1.049000000000000000e+03 -1.000000000000000000e+00 1.051000000000000000e+03 -1.000000000000000000e+00 1.008000000000000000e+03 -1.000000000000000000e+00 1.092000000000000000e+03 -1.000000000000000000e+00
1.008000000000000000e+03 1.009000000000000000e+03 0.000000000000000000e+00 1.007000000000000000e+03 -1.000000000000000000e+00 9.660000000000000000e+02 -1.000000000000000000e+00 1.050000000000000000e+03 -1.000000000000000000e+00
9.660000000000000000e+02 9.670000000000000000e+02 0.000000000000000000e+00 9.650000000000000000e+02 -1.000000000000000000e+00 9.240000000000000000e+02 -1.000000000000000000e+00 1.008000000000000000e+03 -1.000000000000000000e+00
9.240000000000000000e+02 9.250000000000000000e+02 0.000000000000000000e+00 9.230000000000000000e+02 -1.000000000000000000e+00 8.820000000000000000e+02 -1.000000000000000000e+00 9.660000000000000000e+02 -1.000000000000000000e+00
8.820000000000000000e+02 8.830000000000000000e+02 0.000000000000000000e+00 8.810000000000000000e+02 -1.000000000000000000e+00 8.400000000000000000e+02 -1.000000000000000000e+00 9.240000000000000000e+02 -1.000000000000000000e+00
8.400000000000000000e+02 8.410000000000000000e+02 0.000000000000000000e+00 8.390000000000000000e+02 -1.000000000000000000e+00 7.980000000000000000e+02 -1.000000000000000000e+00 8.820000000000000000e+02 -1.000000000000000000e+00
7.980000000000000000e+02 7.560000000000000000e+02 0.000000000000000000e+00 7.970000000000000000e+02 -1.000000000000000000e+00 7.990000000000000000e+02 -1.000000000000000000e+00 8.400000000000000000e+02 -1.000000000000000000e+00
7.990000000000000000e+02 8.000000000000000000e+02 0.000000000000000000e+00 8.410000000000000000e+02 0.000000000000000000e+00 7.980000000000000000e+02 -1.000000000000000000e+00 7.570000000000000000e+02 -1.000000000000000000e+00
7.570000000000000000e+02 7.560000000000000000e+02 0.000000000000000000e+00 7.580000000000000000e+02 0.000000000000000000e+00 7.150000000000000000e+02 -1.000000000000000000e+00 7.990000000000000000e+02 -1.000000000000000000e+00
7.150000000000000000e+02 7.160000000000000000e+02 0.000000000000000000e+00 6.730000000000000000e+02 0.000000000000000000e+00 7.140000000000000000e+02 -1.000000000000000000e+00 7.570000000000000000e+02 -1.000000000000000000e+00
7.140000000000000000e+02 6.720000000000000000e+02 0.000000000000000000e+00 7.130000000000000000e+02 -1.000000000000000000e+00 7.150000000000000000e+02 -1.000000000000000000e+00 7.560000000000000000e+02 -1.000000000000000000e+00
